Earthx Earthy Earthz Sunx Suny Sunz 
1 0 0 0 0 0 
0.999013 0.0314159 0 0 0 0 
0.997039 0.0628008 0 0 0 0 
0.994077 0.0941235 0 0 0 0 
0.99013 0.125353 0 0 0 0 
0.985201 0.156458 0 0 0 0 
0.979291 0.187407 0 0 0 0 
0.972407 0.21817 0 0 0 0 
0.964553 0.248715 0 0 0 0 
0.955735 0.279012 0 0 0 0 
0.945962 0.30903 0 0 0 0 
0.935242 0.338738 0 0 0 0 
0.923584 0.368107 0 0 0 0 
0.910998 0.397106 0 0 0 0 
0.897496 0.425706 0 0 0 0 
0.88309 0.453877 0 0 0 0 
0.867795 0.48159 0 0 0 0 
0.851622 0.508817 0 0 0 0 
0.834589 0.53553 0 0 0 0 
0.816712 0.561701 0 0 0 0 
0.798006 0.587303 0 0 0 0 
0.778491 0.612308 0 0 0 0 
0.758185 0.636692 0 0 0 0 
0.737108 0.660428 0 0 0 0 
0.715281 0.683492 0 0 0 0 
0.692725 0.705859 0 0 0 0 
0.669461 0.727506 0 0 0 0 
0.645515 0.74841 0 0 0 0 
0.620908 0.768549 0 0 0 0 
0.595665 0.787901 0 0 0 0 
0.569813 0.806447 0 0 0 0 
0.543377 0.824165 0 0 0 0 
0.516383 0.841039 0 0 0 0 
0.488859 0.857048 0 0 0 0 
0.460832 0.872177 0 0 0 0 
0.432332 0.886409 0 0 0 0 
0.403387 0.89973 0 0 0 0 
0.374027 0.912124 0 0 0 0 
0.344281 0.923578 0 0 0 0 
0.314181 0.93408 0 0 0 0 
0.283756 0.943619 0 0 0 0 
0.253039 0.952185 0 0 0 0 
0.222061 0.959768 0 0 0 0 
0.190853 0.966361 0 0 0 0 
0.159448 0.971955 0 0 0 0 
0.127879 0.976545 0 0 0 0 
0.0961775 0.980127 0 0 0 0 
0.0643766 0.982696 0 0 0 0 
0.0325093 0.984249 0 0 0 0 
0.000608306 0.984785 0 0 0 0 
-0.0312933 0.984304 0 0 0 0 
-0.0631625 0.982805 0 0 0 0 
-0.0949665 0.980291 0 0 0 0 
-0.126672 0.976764 0 0 0 0 
-0.158247 0.972228 0 0 0 0 
-0.189659 0.966688 0 0 0 0 
-0.220875 0.960151 0 0 0 0 
-0.251863 0.952622 0 0 0 0 
-0.282591 0.94411 0 0 0 0 
-0.313027 0.934625 0 0 0 0 
-0.343142 0.924177 0 0 0 0 
-0.372902 0.912777 0 0 0 0 
-0.402279 0.900437 0 0 0 0 
-0.431241 0.88717 0 0 0 0 
-0.459761 0.872991 0 0 0 0 
-0.487807 0.857915 0 0 0 0 
-0.515353 0.841959 0 0 0 0 
-0.542371 0.825138 0 0 0 0 
-0.568832 0.807472 0 0 0 0 
-0.59471 0.788978 0 0 0 0 
-0.61998 0.769677 0 0 0 0 
-0.644617 0.749589 0 0 0 0 
-0.668594 0.728736 0 0 0 0 
-0.69189 0.707139 0 0 0 0 
-0.71448 0.684821 0 0 0 0 
-0.736343 0.661806 0 0 0 0 
-0.757457 0.638118 0 0 0 0 
-0.777802 0.613782 0 0 0 0 
-0.797357 0.588823 0 0 0 0 
-0.816104 0.563267 0 0 0 0 
-0.834025 0.537141 0 0 0 0 
-0.851103 0.510472 0 0 0 0 
-0.867322 0.483288 0 0 0 0 
-0.882666 0.455616 0 0 0 0 
-0.897121 0.427485 0 0 0 0 
-0.910675 0.398925 0 0 0 0 
-0.923313 0.369964 0 0 0 0 
-0.935026 0.340632 0 0 0 0 
-0.945802 0.310958 0 0 0 0 
-0.955632 0.280974 0 0 0 0 
-0.964508 0.250709 0 0 0 0 
-0.972422 0.220195 0 0 0 0 
-0.979368 0.18946 0 0 0 0 
-0.985339 0.158538 0 0 0 0 
-0.990333 0.127458 0 0 0 0 
-0.994345 0.0962518 0 0 0 0 
-0.997372 0.0649503 0 0 0 0 
-0.999414 0.0335846 0 0 0 0 
-1.00047 0.00218566 0 0 0 0 
-1.00054 -0.0292154 0 0 0 0 
-0.999622 -0.0605877 0 0 0 0 
-0.997725 -0.0919004 0 0 0 0 
-0.994848 -0.123123 0 0 0 0 
-0.990996 -0.154225 0 0 0 0 
-0.986175 -0.185176 0 0 0 0 
-0.980391 -0.215946 0 0 0 0 
-0.97365 -0.246506 0 0 0 0 
-0.96596 -0.276825 0 0 0 0 
-0.957331 -0.306875 0 0 0 0 
-0.947772 -0.336627 0 0 0 0 
-0.937294 -0.366053 0 0 0 0 
-0.925908 -0.395123 0 0 0 0 
-0.913625 -0.423812 0 0 0 0 
-0.900461 -0.452091 0 0 0 0 
-0.886427 -0.479934 0 0 0 0 
-0.871539 -0.507315 0 0 0 0 
-0.855813 -0.534207 0 0 0 0 
-0.839264 -0.560586 0 0 0 0 
-0.821909 -0.586426 0 0 0 0 
-0.803766 -0.611705 0 0 0 0 
-0.784853 -0.636397 0 0 0 0 
-0.76519 -0.66048 0 0 0 0 
-0.744795 -0.683933 0 0 0 0 
-0.723689 -0.706732 0 0 0 0 
-0.701893 -0.728858 0 0 0 0 
-0.679429 -0.750289 0 0 0 0 
-0.656318 -0.771007 0 0 0 0 
-0.632583 -0.790991 0 0 0 0 
-0.608246 -0.810224 0 0 0 0 
-0.583333 -0.828687 0 0 0 0 
-0.557867 -0.846365 0 0 0 0 
-0.531872 -0.863241 0 0 0 0 
-0.505373 -0.8793 0 0 0 0 
-0.478396 -0.894527 0 0 0 0 
-0.450967 -0.908908 0 0 0 0 
-0.423112 -0.92243 0 0 0 0 
-0.394857 -0.935081 0 0 0 0 
-0.366229 -0.94685 0 0 0 0 
-0.337257 -0.957726 0 0 0 0 
-0.307966 -0.967698 0 0 0 0 
-0.278385 -0.976759 0 0 0 0 
-0.248541 -0.984899 0 0 0 0 
-0.218464 -0.992112 0 0 0 0 
-0.188181 -0.998391 0 0 0 0 
-0.157721 -1.00373 0 0 0 0 
-0.127112 -1.00813 0 0 0 0 
-0.096384 -1.01157 0 0 0 0 
-0.0655652 -1.01407 0 0 0 0 
-0.0346847 -1.01561 0 0 0 0 
-0.00377167 -1.01619 0 0 0 0 
0.027145 -1.01583 0 0 0 0 
0.0580361 -1.0145 0 0 0 0 
0.0888726 -1.01222 0 0 0 0 
0.119625 -1.00899 0 0 0 0 
0.150266 -1.00481 0 0 0 0 
0.180765 -0.999682 0 0 0 0 
0.211093 -0.993614 0 0 0 0 
0.241223 -0.986611 0 0 0 0 
0.271126 -0.978679 0 0 0 0 
0.300774 -0.969824 0 0 0 0 
0.330137 -0.960055 0 0 0 0 
0.35919 -0.94938 0 0 0 0 
0.387903 -0.937809 0 0 0 0 
0.41625 -0.925353 0 0 0 0 
0.444204 -0.912023 0 0 0 0 
0.471738 -0.89783 0 0 0 0 
0.498825 -0.882788 0 0 0 0 
0.525441 -0.866911 0 0 0 0 
0.551558 -0.850212 0 0 0 0 
0.577153 -0.832706 0 0 0 0 
0.6022 -0.814411 0 0 0 0 
0.626674 -0.795342 0 0 0 0 
0.650554 -0.775517 0 0 0 0 
0.673814 -0.754954 0 0 0 0 
0.696432 -0.733672 0 0 0 0 
0.718386 -0.71169 0 0 0 0 
0.739655 -0.689029 0 0 0 0 
0.760217 -0.66571 0 0 0 0 
0.780051 -0.641754 0 0 0 0 
0.799139 -0.617183 0 0 0 0 
0.817461 -0.592021 0 0 0 0 
0.834997 -0.56629 0 0 0 0 
0.851732 -0.540016 0 0 0 0 
0.867647 -0.513221 0 0 0 0 
0.882726 -0.485932 0 0 0 0 
0.896953 -0.458175 0 0 0 0 
0.910314 -0.429974 0 0 0 0 
0.922795 -0.401358 0 0 0 0 
0.934381 -0.372354 0 0 0 0 
0.945062 -0.342988 0 0 0 0 
0.954824 -0.313289 0 0 0 0 
0.963658 -0.283285 0 0 0 0 
0.971554 -0.253005 0 0 0 0 
0.978502 -0.222479 0 0 0 0 
0.984494 -0.191735 0 0 0 0 
0.989523 -0.160804 0 0 0 0 
0.993583 -0.129715 0 0 0 0 
0.996668 -0.0984987 0 0 0 0 
0.998774 -0.0671859 0 0 0 0 
0.999897 -0.035807 0 0 0 0 
1.00004 -0.00439274 0 0 0 0 
0.999186 0.0270258 0 0 0 0 
0.99735 0.0584177 0 0 0 0 
0.994526 0.0897517 0 0 0 0 
0.990717 0.120997 0 0 0 0 
0.985924 0.152122 0 0 0 0 
0.980151 0.183095 0 0 0 0 
0.973402 0.213887 0 0 0 0 
0.965683 0.244465 0 0 0 0 
0.957 0.274799 0 0 0 0 
0.947359 0.304858 0 0 0 0 
0.93677 0.334613 0 0 0 0 
0.925242 0.364031 0 0 0 0 
0.912785 0.393084 0 0 0 0 
0.89941 0.421742 0 0 0 0 
0.885129 0.449975 0 0 0 0 
0.869956 0.477755 0 0 0 0 
0.853905 0.505052 0 0 0 0 
0.836991 0.531839 0 0 0 0 
0.819229 0.558087 0 0 0 0 
0.800638 0.58377 0 0 0 0 
0.781234 0.608861 0 0 0 0 
0.761037 0.633333 0 0 0 0 
0.740066 0.657162 0 0 0 0 
0.718342 0.680321 0 0 0 0 
0.695885 0.702787 0 0 0 0 
0.672718 0.724536 0 0 0 0 
0.648865 0.745545 0 0 0 0 
0.624348 0.765792 0 0 0 0 
0.599193 0.785255 0 0 0 0 
0.573423 0.803915 0 0 0 0 
0.547066 0.82175 0 0 0 0 
0.520148 0.838742 0 0 0 0 
0.492696 0.854873 0 0 0 0 
0.464737 0.870126 0 0 0 0 
0.436301 0.884484 0 0 0 0 
0.407416 0.897932 0 0 0 0 
0.378111 0.910456 0 0 0 0 
0.348417 0.922042 0 0 0 0 
0.318364 0.932677 0 0 0 0 
0.287982 0.942351 0 0 0 0 
0.257304 0.951053 0 0 0 0 
0.22636 0.958773 0 0 0 0 
0.195182 0.965504 0 0 0 0 
0.163802 0.971237 0 0 0 0 
0.132254 0.975968 0 0 0 0 
0.100569 0.97969 0 0 0 0 
0.0687798 0.9824 0 0 0 0 
0.0369196 0.984094 0 0 0 0 
0.00502137 0.984772 0 0 0 0 
-0.0268821 0.984432 0 0 0 0 
-0.0587578 0.983075 0 0 0 0 
-0.0905727 0.980702 0 0 0 0 
-0.122294 0.977315 0 0 0 0 
-0.153889 0.97292 0 0 0 0 
-0.185325 0.967519 0 0 0 0 
-0.21657 0.96112 0 0 0 0 
-0.247592 0.953729 0 0 0 0 
-0.278357 0.945353 0 0 0 0 
-0.308836 0.936003 0 0 0 0 
-0.338997 0.925688 0 0 0 0 
-0.368808 0.91442 0 0 0 0 
-0.39824 0.90221 0 0 0 0 
-0.427261 0.889071 0 0 0 0 
-0.455844 0.875019 0 0 0 0 
-0.483958 0.860067 0 0 0 0 
-0.511575 0.844232 0 0 0 0 
-0.538667 0.827531 0 0 0 0 
-0.565207 0.809981 0 0 0 0 
-0.591167 0.791602 0 0 0 0 
-0.616523 0.772413 0 0 0 0 
-0.641249 0.752433 0 0 0 0 
-0.665319 0.731686 0 0 0 0 
-0.688711 0.710191 0 0 0 0 
-0.711401 0.687973 0 0 0 0 
-0.733366 0.665054 0 0 0 0 
-0.754585 0.641459 0 0 0 0 
-0.775037 0.617212 0 0 0 0 
-0.794704 0.592338 0 0 0 0 
-0.813564 0.566865 0 0 0 0 
-0.831601 0.540817 0 0 0 0 
-0.848797 0.514223 0 0 0 0 
-0.865136 0.487109 0 0 0 0 
-0.880603 0.459504 0 0 0 0 
-0.895183 0.431437 0 0 0 0 
-0.908862 0.402935 0 0 0 0 
-0.921629 0.374029 0 0 0 0 
-0.933471 0.344747 0 0 0 0 
-0.944378 0.31512 0 0 0 0 
-0.954341 0.285179 0 0 0 0 
-0.96335 0.254952 0 0 0 0 
-0.971399 0.224471 0 0 0 0 
-0.97848 0.193766 0 0 0 0 
-0.984588 0.162869 0 0 0 0 
-0.989719 0.13181 0 0 0 0 
-0.993868 0.10062 0 0 0 0 
-0.997033 0.0693308 0 0 0 0 
-0.999212 0.0379729 0 0 0 0 
-1.00041 0.00657752 0 0 0 0 
-1.00061 -0.0248243 0 0 0 0 
-0.999834 -0.0562017 0 0 0 0 
-0.998074 -0.0875239 0 0 0 0 
-0.995333 -0.11876 0 0 0 0 
-0.991618 -0.14988 0 0 0 0 
-0.986933 -0.180853 0 0 0 0 
-0.981283 -0.21165 0 0 0 0 
-0.974675 -0.24224 0 0 0 0 
-0.967118 -0.272594 0 0 0 0 
-0.958621 -0.302683 0 0 0 0 
-0.949192 -0.332478 0 0 0 0 
-0.938842 -0.36195 0 0 0 0 
-0.927582 -0.391071 0 0 0 0 
-0.915425 -0.419815 0 0 0 0 
-0.902383 -0.448152 0 0 0 0 
-0.888471 -0.476057 0 0 0 0 
-0.873703 -0.503504 0 0 0 0 
-0.858093 -0.530465 0 0 0 0 
-0.841659 -0.556917 0 0 0 0 
-0.824416 -0.582834 0 0 0 0 
-0.806383 -0.608192 0 0 0 0 
-0.787578 -0.632968 0 0 0 0 
-0.768019 -0.657138 0 0 0 0 
-0.747726 -0.68068 0 0 0 0 
-0.726719 -0.703572 0 0 0 0 
-0.705019 -0.725793 0 0 0 0 
-0.682647 -0.747322 0 0 0 0 
-0.659626 -0.768141 0 0 0 0 
-0.635977 -0.788229 0 0 0 0 
-0.611725 -0.807568 0 0 0 0 
-0.586891 -0.82614 0 0 0 0 
-0.561501 -0.84393 0 0 0 0 
-0.535579 -0.860919 0 0 0 0 
-0.50915 -0.877093 0 0 0 0 
-0.482239 -0.892438 0 0 0 0 
-0.454873 -0.906938 0 0 0 0 
-0.427076 -0.920582 0 0 0 0 
-0.398876 -0.933356 0 0 0 0 
-0.3703 -0.945249 0 0 0 0 
-0.341374 -0.956251 0 0 0 0 
-0.312126 -0.966351 0 0 0 0 
-0.282584 -0.97554 0 0 0 0 
-0.252776 -0.98381 0 0 0 0 
-0.22273 -0.991154 0 0 0 0 
-0.192475 -0.997565 0 0 0 0 
-0.162038 -1.00304 0 0 0 0 
-0.131448 -1.00756 0 0 0 0 
-0.100736 -1.01114 0 0 0 0 
-0.0699278 -1.01377 0 0 0 0 
-0.0390543 -1.01545 0 0 0 0 
-0.00814401 -1.01617 0 0 0 0 
0.0227739 -1.01593 0 0 0 0 
0.0536704 -1.01474 0 0 0 0 
0.0845164 -1.0126 0 0 0 0 
0.115283 -1.0095 0 0 0 0 
0.145941 -1.00545 0 0 0 0 
0.176462 -1.00046 0 0 0 0 
0.206816 -0.994524 0 0 0 0 
0.236976 -0.987652 0 0 0 0 
0.266913 -0.979849 0 0 0 0 
0.296598 -0.971123 0 0 0 0 
0.326003 -0.961482 0 0 0 0 
0.355101 -0.950934 0 0 0 0 
0.383864 -0.939489 0 0 0 0 
0.412265 -0.927156 0 0 0 0 
0.440276 -0.913948 0 0 0 0 
0.46787 -0.899876 0 0 0 0 
0.495023 -0.884952 0 0 0 0 
0.521706 -0.869191 0 0 0 0 
0.547896 -0.852606 0 0 0 0 
0.573566 -0.835213 0 0 0 0 
0.598691 -0.817027 0 0 0 0 
0.623248 -0.798065 0 0 0 0 
0.647213 -0.778345 0 0 0 0 
0.670561 -0.757884 0 0 0 0 
0.693272 -0.736702 0 0 0 0 
0.715321 -0.714817 0 0 0 0 
0.736687 -0.692249 0 0 0 0 
0.75735 -0.669021 0 0 0 0 
0.777288 -0.645152 0 0 0 0 
0.796482 -0.620666 0 0 0 0 
0.814913 -0.595585 0 0 0 0 
0.832561 -0.569932 0 0 0 0 
0.84941 -0.543732 0 0 0 0 
0.865441 -0.517008 0 0 0 0 
0.880638 -0.489786 0 0 0 0 
0.894986 -0.462092 0 0 0 0 
0.90847 -0.433952 0 0 0 0 
0.921075 -0.405392 0 0 0 0 
0.932788 -0.376439 0 0 0 0 
0.943596 -0.347121 0 0 0 0 
0.953488 -0.317467 0 0 0 0 
0.962453 -0.287503 0 0 0 0 
0.970481 -0.25726 0 0 0 0 
0.977562 -0.226765 0 0 0 0 
0.983689 -0.196049 0 0 0 0 
0.988853 -0.165142 0 0 0 0 
0.993049 -0.134072 0 0 0 0 
0.996271 -0.102872 0 0 0 0 
0.998514 -0.0715698 0 0 0 0 
0.999775 -0.0401974 0 0 0 0 
1.00005 -0.00878554 0 0 0 0 
0.99934 0.022635 0 0 0 0 
0.997641 0.0540333 0 0 0 0 
0.994956 0.085378 0 0 0 0 
0.991284 0.116638 0 0 0 0 
0.986628 0.147782 0 0 0 0 
0.980992 0.17878 0 0 0 0 
0.974379 0.209599 0 0 0 0 
0.966795 0.24021 0 0 0 0 
0.958245 0.270581 0 0 0 0 
0.948738 0.300681 0 0 0 0 
0.93828 0.33048 0 0 0 0 
0.926882 0.359948 0 0 0 0 
0.914554 0.389054 0 0 0 0 
0.901306 0.41777 0 0 0 0 
0.887151 0.446065 0 0 0 0 
0.872101 0.47391 0 0 0 0 
0.856171 0.501276 0 0 0 0 
0.839376 0.528137 0 0 0 0 
0.821731 0.554462 0 0 0 0 
0.803254 0.580226 0 0 0 0 
0.783962 0.605402 0 0 0 0 
0.763874 0.629962 0 0 0 0 
0.743009 0.653882 0 0 0 0 
0.721388 0.677137 0 0 0 0 
0.699032 0.699701 0 0 0 0 
0.675962 0.721552 0 0 0 0 
0.652203 0.742665 0 0 0 0 
0.627776 0.76302 0 0 0 0 
0.602708 0.782594 0 0 0 0 
0.577022 0.801367 0 0 0 0 
0.550745 0.819318 0 0 0 0 
0.523903 0.836429 0 0 0 0 
0.496523 0.852681 0 0 0 0 
0.468633 0.868057 0 0 0 0 
0.440261 0.882541 0 0 0 0 
0.411436 0.896117 0 0 0 0 
0.382188 0.90877 0 0 0 0 
0.352546 0.920487 0 0 0 0 
0.32254 0.931256 0 0 0 0 
0.292203 0.941064 0 0 0 0 
0.261563 0.949902 0 0 0 0 
0.230654 0.957759 0 0 0 0 
0.199507 0.964628 0 0 0 0 
0.168153 0.9705 0 0 0 0 
0.136626 0.97537 0 0 0 0 
0.104958 0.979233 0 0 0 0 
0.0731815 0.982084 0 0 0 0 
0.0413293 0.98392 0 0 0 0 
0.00943432 0.984739 0 0 0 0 
-0.0224704 0.984541 0 0 0 0 
-0.0543518 0.983325 0 0 0 0 
-0.0861772 0.981093 0 0 0 0 
-0.117913 0.977847 0 0 0 0 
-0.149528 0.973592 0 0 0 0 
-0.180988 0.968331 0 0 0 0 
-0.212261 0.96207 0 0 0 0 
-0.243315 0.954816 0 0 0 0 
-0.274118 0.946577 0 0 0 0 
-0.304639 0.937362 0 0 0 0 
-0.334845 0.927181 0 0 0 0 
-0.364707 0.916045 0 0 0 0 
-0.394193 0.903965 0 0 0 0 
-0.423273 0.890955 0 0 0 0 
-0.451918 0.877029 0 0 0 0 
-0.480098 0.862202 0 0 0 0 
-0.507786 0.846489 0 0 0 0 
-0.534952 0.829907 0 0 0 0 
-0.56157 0.812475 0 0 0 0 
-0.587613 0.79421 0 0 0 0 
-0.613054 0.775133 0 0 0 0 
-0.637869 0.755263 0 0 0 0 
-0.662031 0.734621 0 0 0 0 
-0.685519 0.713229 0 0 0 0 
-0.708307 0.691111 0 0 0 0 
-0.730374 0.668289 0 0 0 0 
-0.751698 0.644787 0 0 0 0 
-0.772258 0.620629 0 0 0 0 
-0.792035 0.595842 0 0 0 0 
-0.811008 0.570451 0 0 0 0 
-0.829161 0.544482 0 0 0 0 
-0.846475 0.517963 0 0 0 0 
-0.862934 0.490921 0 0 0 0 
-0.878523 0.463383 0 0 0 0 
-0.893227 0.435379 0 0 0 0 
-0.907032 0.406937 0 0 0 0 
-0.919927 0.378086 0 0 0 0 
-0.931898 0.348856 0 0 0 0 
-0.942936 0.319276 0 0 0 0 
-0.953031 0.289377 0 0 0 0 
-0.962174 0.259189 0 0 0 0 
-0.970357 0.228742 0 0 0 0 
-0.977573 0.198068 0 0 0 0 
-0.983818 0.167196 0 0 0 0 
-0.989085 0.136159 0 0 0 0 
-0.993371 0.104986 0 0 0 0 
-0.996674 0.0737097 0 0 0 0 
-0.998991 0.0423603 0 0 0 0 
-1.00032 0.0109691 0 0 0 0 
-1.00067 -0.0204329 0 0 0 0 
-1.00003 -0.0518148 0 0 0 0 
-0.998403 -0.0831458 0 0 0 0 
-0.9958 -0.114395 0 0 0 0 
-0.992221 -0.145532 0 0 0 0 
-0.987671 -0.176527 0 0 0 0 
-0.982156 -0.20735 0 0 0 0 
-0.975682 -0.23797 0 0 0 0 
-0.968258 -0.268358 0 0 0 0 
-0.959892 -0.298485 0 0 0 0 
-0.950593 -0.328322 0 0 0 0 
-0.940371 -0.35784 0 0 0 0 
-0.929239 -0.387012 0 0 0 0 
-0.917207 -0.415809 0 0 0 0 
-0.904289 -0.444205 0 0 0 0 
-0.890498 -0.472171 0 0 0 0 
-0.875849 -0.499683 0 0 0 0 
-0.860357 -0.526714 0 0 0 0 
-0.844037 -0.553238 0 0 0 0 
-0.826908 -0.579231 0 0 0 0 
-0.808985 -0.604668 0 0 0 0 
-0.790287 -0.629527 0 0 0 0 
-0.770833 -0.653782 0 0 0 0 
-0.750642 -0.677413 0 0 0 0 
-0.729735 -0.700398 0 0 0 0 
-0.708131 -0.722714 0 0 0 0 
-0.685853 -0.744341 0 0 0 0 
-0.662922 -0.76526 0 0 0 0 
-0.63936 -0.785452 0 0 0 0 
-0.615191 -0.804897 0 0 0 0 
-0.590439 -0.823578 0 0 0 0 
-0.565126 -0.841478 0 0 0 0 
-0.539277 -0.85858 0 0 0 0 
-0.512918 -0.87487 0 0 0 0 
-0.486074 -0.890331 0 0 0 0 
-0.45877 -0.904951 0 0 0 0 
-0.431032 -0.918716 0 0 0 0 
-0.402888 -0.931613 0 0 0 0 
-0.374363 -0.94363 0 0 0 0 
-0.345485 -0.954758 0 0 0 0 
-0.316281 -0.964985 0 0 0 0 
-0.286779 -0.974303 0 0 0 0 
-0.257007 -0.982703 0 0 0 0 
-0.226993 -0.990177 0 0 0 0 
-0.196765 -0.99672 0 0 0 0 
-0.166352 -1.00232 0 0 0 0 
-0.135782 -1.00698 0 0 0 0 
-0.105085 -1.0107 0 0 0 0 
-0.074289 -1.01346 0 0 0 0 
-0.043423 -1.01527 0 0 0 0 
-0.0125162 -1.01613 0 0 0 0 
0.0184024 -1.01602 0 0 0 0 
0.0493037 -1.01497 0 0 0 0 
0.0801586 -1.01296 0 0 0 0 
0.110938 -1.00999 0 0 0 0 
0.141613 -1.00608 0 0 0 0 
0.172155 -1.00122 0 0 0 0 
0.202535 -0.995414 0 0 0 0 
0.232724 -0.988674 0 0 0 0 
0.262694 -0.981001 0 0 0 0 
0.292416 -0.972405 0 0 0 0 
0.321863 -0.962892 0 0 0 0 
0.351006 -0.952471 0 0 0 0 
0.379818 -0.941151 0 0 0 0 
0.408272 -0.928942 0 0 0 0 
0.436339 -0.915856 0 0 0 0 
0.463994 -0.901904 0 0 0 0 
0.491211 -0.887099 0 0 0 0 
0.517962 -0.871455 0 0 0 0 
0.544223 -0.854984 0 0 0 0 
0.569967 -0.837704 0 0 0 0 
0.595171 -0.819628 0 0 0 0 
0.61981 -0.800774 0 0 0 0 
0.64386 -0.781159 0 0 0 0 
0.667297 -0.760801 0 0 0 0 
0.690098 -0.739718 0 0 0 0 
0.712242 -0.71793 0 0 0 0 
0.733706 -0.695457 0 0 0 0 
0.754469 -0.672319 0 0 0 0 
0.77451 -0.648539 0 0 0 0 
0.793811 -0.624137 0 0 0 0 
0.81235 -0.599138 0 0 0 0 
0.830109 -0.573563 0 0 0 0 
0.847071 -0.547438 0 0 0 0 
0.863218 -0.520785 0 0 0 0 
0.878534 -0.493631 0 0 0 0 
0.893002 -0.466001 0 0 0 0 
0.906608 -0.437921 0 0 0 0 
0.919337 -0.409418 0 0 0 0 
0.931177 -0.380518 0 0 0 0 
0.942113 -0.351249 0 0 0 0 
0.952134 -0.321639 0 0 0 0 
0.96123 -0.291716 0 0 0 0 
0.969389 -0.261509 0 0 0 0 
0.976604 -0.231048 0 0 0 0 
0.982865 -0.20036 0 0 0 0 
0.988164 -0.169477 0 0 0 0 
0.992496 -0.138428 0 0 0 0 
0.995855 -0.107243 0 0 0 0 
0.998235 -0.0759524 0 0 0 0 
0.999633 -0.0445873 0 0 0 0 
1.00005 -0.0131783 0 0 0 0 
0.999474 0.0182437 0 0 0 0 
0.997914 0.0496477 0 0 0 0 
0.995366 0.0810025 0 0 0 0 
0.991832 0.112277 0 0 0 0 
0.987313 0.14344 0 0 0 0 
0.981814 0.174461 0 0 0 0 
0.975337 0.205308 0 0 0 0 
0.967888 0.23595 0 0 0 0 
0.959472 0.266357 0 0 0 0 
0.950098 0.296497 0 0 0 0 
0.939772 0.326341 0 0 0 0 
0.928505 0.355858 0 0 0 0 
0.916305 0.385017 0 0 0 0 
0.903184 0.413789 0 0 0 0 
0.889155 0.442145 0 0 0 0 
0.874229 0.470055 0 0 0 0 
0.85842 0.497491 0 0 0 0 
0.841744 0.524424 0 0 0 0 
0.824217 0.550826 0 0 0 0 
0.805854 0.576671 0 0 0 0 
0.786674 0.60193 0 0 0 0 
0.766696 0.626579 0 0 0 0 
0.745937 0.65059 0 0 0 0 
0.72442 0.673939 0 0 0 0 
0.702164 0.696601 0 0 0 0 
0.679193 0.718553 0 0 0 0 
0.655527 0.739771 0 0 0 0 
0.631192 0.760233 0 0 0 0 
0.606211 0.779917 0 0 0 0 
0.580609 0.798803 0 0 0 0 
0.554413 0.81687 0 0 0 0 
0.527647 0.834099 0 0 0 0 
0.50034 0.850472 0 0 0 0 
0.472519 0.865971 0 0 0 0 
0.444212 0.88058 0 0 0 0 
0.415448 0.894283 0 0 0 0 
0.386257 0.907066 0 0 0 0 
0.356668 0.918914 0 0 0 0 
0.326711 0.929815 0 0 0 0 
0.296417 0.939758 0 0 0 0 
0.265818 0.948731 0 0 0 0 
0.234944 0.956726 0 0 0 0 
0.203828 0.963732 0 0 0 0 
0.172501 0.969744 0 0 0 0 
0.140996 0.974754 0 0 0 0 
0.109345 0.978757 0 0 0 0 
0.0775818 0.981749 0 0 0 0 
0.0457381 0.983726 0 0 0 0 
0.0138471 0.984687 0 0 0 0 
-0.0180582 0.98463 0 0 0 0 
-0.0499448 0.983555 0 0 0 0 
-0.0817799 0.981464 0 0 0 0 
-0.11353 0.97836 0 0 0 0 
-0.145164 0.974244 0 0 0 0 
-0.176647 0.969123 0 0 0 0 
-0.207948 0.963001 0 0 0 0 
-0.239034 0.955885 0 0 0 0 
-0.269874 0.947782 0 0 0 0 
-0.300435 0.938703 0 0 0 0 
-0.330687 0.928655 0 0 0 0 
-0.360598 0.917651 0 0 0 0 
-0.390138 0.905702 0 0 0 0 
-0.419276 0.892821 0 0 0 0 
-0.447983 0.879022 0 0 0 0 
-0.476229 0.864319 0 0 0 0 
-0.503987 0.848728 0 0 0 0 
-0.531227 0.832267 0 0 0 0 
-0.557923 0.814952 0 0 0 0 
-0.584047 0.796803 0 0 0 0 
-0.609573 0.777837 0 0 0 0 
-0.634476 0.758077 0 0 0 0 
-0.65873 0.737541 0 0 0 0 
-0.682313 0.716253 0 0 0 0 
-0.705199 0.694235 0 0 0 0 
-0.727368 0.67151 0 0 0 0 
-0.748796 0.648102 0 0 0 0 
-0.769464 0.624035 0 0 0 0 
-0.78935 0.599334 0 0 0 0 
-0.808436 0.574026 0 0 0 0 
-0.826704 0.548137 0 0 0 0 
-0.844136 0.521693 0 0 0 0 
-0.860715 0.494723 0 0 0 0 
-0.876426 0.467253 0 0 0 0 
-0.891254 0.439313 0 0 0 0 
-0.905185 0.410931 0 0 0 0 
-0.918207 0.382136 0 0 0 0 
-0.930308 0.352958 0 0 0 0 
-0.941476 0.323426 0 0 0 0 
-0.951703 0.29357 0 0 0 0 
-0.960979 0.263421 0 0 0 0 
-0.969296 0.233009 0 0 0 0 
-0.976648 0.202366 0 0 0 0 
-0.983028 0.171521 0 0 0 0 
-0.988432 0.140505 0 0 0 0 
-0.992855 0.10935 0 0 0 0 
-0.996296 0.0780872 0 0 0 0 
-0.998751 0.0467469 0 0 0 0 
-1.00022 0.0153604 0 0 0 0 
-1.0007 -0.0160412 0 0 0 0 
-1.0002 -0.0474271 0 0 0 0 
-0.998714 -0.0787663 0 0 0 0 
-0.996248 -0.110028 0 0 0 0 
-0.992805 -0.141182 0 0 0 0 
-0.988391 -0.172198 0 0 0 0 
-0.98301 -0.203046 0 0 0 0 
-0.976671 -0.233695 0 0 0 0 
-0.969379 -0.264117 0 0 0 0 
-0.961144 -0.294281 0 0 0 0 
-0.951976 -0.32416 0 0 0 0 
-0.941883 -0.353724 0 0 0 0 
-0.930878 -0.382946 0 0 0 0 
-0.918972 -0.411796 0 0 0 0 
-0.906177 -0.440249 0 0 0 0 
-0.892508 -0.468277 0 0 0 0 
-0.877979 -0.495853 0 0 0 0 
-0.862604 -0.522952 0 0 0 0 
-0.8464 -0.549549 0 0 0 0 
-0.829384 -0.575617 0 0 0 0 
-0.811571 -0.601133 0 0 0 0 
-0.792981 -0.626074 0 0 0 0 
-0.773633 -0.650415 0 0 0 0 
-0.753544 -0.674135 0 0 0 0 
-0.732737 -0.697211 0 0 0 0 
-0.71123 -0.719621 0 0 0 0 
-0.689045 -0.741346 0 0 0 0 
-0.666205 -0.762366 0 0 0 0 
-0.642731 -0.78266 0 0 0 0 
-0.618647 -0.802211 0 0 0 0 
-0.593975 -0.821 0 0 0 0 
-0.568739 -0.83901 0 0 0 0 
-0.542965 -0.856226 0 0 0 0 
-0.516676 -0.87263 0 0 0 0 
-0.489899 -0.888209 0 0 0 0 
-0.462658 -0.902948 0 0 0 0 
-0.43498 -0.916833 0 0 0 0 
-0.406892 -0.929852 0 0 0 0 
-0.378419 -0.941994 0 0 0 0 
-0.349589 -0.953247 0 0 0 0 
-0.320429 -0.963602 0 0 0 0 
-0.290968 -0.973048 0 0 0 0 
-0.261232 -0.981577 0 0 0 0 
-0.231251 -0.989182 0 0 0 0 
-0.201051 -0.995856 0 0 0 0 
-0.170663 -1.00159 0 0 0 0 
-0.140114 -1.00639 0 0 0 0 
-0.109433 -1.01023 0 0 0 0 
-0.0786489 -1.01313 0 0 0 0 
-0.047791 -1.01507 0 0 0 0 
-0.0168882 -1.01606 0 0 0 0 
0.0140306 -1.0161 0 0 0 0 
0.0449361 -1.01517 0 0 0 0 
0.0757993 -1.0133 0 0 0 0 
0.106591 -1.01047 0 0 0 0 
0.137283 -1.00669 0 0 0 0 
0.167845 -1.00196 0 0 0 0 
0.19825 -0.996287 0 0 0 0 
0.228468 -0.989677 0 0 0 0 
0.25847 -0.982136 0 0 0 0 
0.288229 -0.973669 0 0 0 0 
0.317717 -0.964284 0 0 0 0 
0.346905 -0.953989 0 0 0 0 
0.375765 -0.942795 0 0 0 0 
0.404271 -0.930711 0 0 0 0 
0.432395 -0.917747 0 0 0 0 
0.46011 -0.903916 0 0 0 0 
0.487389 -0.88923 0 0 0 0 
0.514208 -0.873702 0 0 0 0 
0.54054 -0.857347 0 0 0 0 
0.566359 -0.840179 0 0 0 0 
0.59164 -0.822214 0 0 0 0 
0.61636 -0.803468 0 0 0 0 
0.640494 -0.783958 0 0 0 0 
0.664019 -0.763703 0 0 0 0 
0.686912 -0.74272 0 0 0 0 
0.709149 -0.721029 0 0 0 0 
0.73071 -0.698651 0 0 0 0 
0.751574 -0.675605 0 0 0 0 
0.771718 -0.651913 0 0 0 0 
0.791124 -0.627597 0 0 0 0 
0.809771 -0.602679 0 0 0 0 
0.827641 -0.577183 0 0 0 0 
0.844717 -0.551133 0 0 0 0 
0.860979 -0.524553 0 0 0 0 
0.876413 -0.497467 0 0 0 0 
0.891001 -0.469901 0 0 0 0 
0.904729 -0.441882 0 0 0 0 
0.917583 -0.413436 0 0 0 0 
0.929547 -0.384589 0 0 0 0 
0.940611 -0.35537 0 0 0 0 
0.950761 -0.325805 0 0 0 0 
0.959988 -0.295924 0 0 0 0 
0.968279 -0.265754 0 0 0 0 
0.975627 -0.235326 0 0 0 0 
0.982022 -0.204667 0 0 0 0 
0.987456 -0.173809 0 0 0 0 
0.991924 -0.14278 0 0 0 0 
0.995419 -0.111612 0 0 0 0 
0.997937 -0.0803337 0 0 0 0 
0.999473 -0.0489764 0 0 0 0 
1.00002 -0.017571 0 0 0 0 
0.999589 0.0138519 0 0 0 0 
0.998167 0.045261 0 0 0 0 
0.995757 0.0766253 0 0 0 0 
0.992361 0.107914 0 0 0 0 
0.987979 0.139095 0 0 0 0 
0.982616 0.170138 0 0 0 0 
0.976275 0.201012 0 0 0 0 
0.968962 0.231685 0 0 0 0 
0.960681 0.262128 0 0 0 0 
0.951439 0.292308 0 0 0 0 
0.941246 0.322196 0 0 0 0 
0.930109 0.35176 0 0 0 0 
0.918039 0.380972 0 0 0 0 
0.905045 0.409801 0 0 0 0 
0.891141 0.438217 0 0 0 0 
0.876339 0.466192 0 0 0 0 
0.860653 0.493696 0 0 0 0 
0.844096 0.520701 0 0 0 0 
0.826686 0.54718 0 0 0 0 
0.808439 0.573104 0 0 0 0 
0.789371 0.598447 0 0 0 0 
0.769502 0.623182 0 0 0 0 
0.748851 0.647284 0 0 0 0 
0.727438 0.670727 0 0 0 0 
0.705283 0.693487 0 0 0 0 
0.68241 0.71554 0 0 0 0 
0.658839 0.736862 0 0 0 0 
0.634595 0.757431 0 0 0 0 
0.609703 0.777225 0 0 0 0 
0.584185 0.796223 0 0 0 0 
0.55807 0.814406 0 0 0 0 
0.531381 0.831753 0 0 0 0 
0.504148 0.848246 0 0 0 0 
0.476396 0.863868 0 0 0 0 
0.448155 0.878602 0 0 0 0 
0.419453 0.892432 0 0 0 0 
0.390319 0.905344 0 0 0 0 
0.360783 0.917323 0 0 0 0 
0.330875 0.928357 0 0 0 0 
0.300626 0.938433 0 0 0 0 
0.270067 0.947542 0 0 0 0 
0.239229 0.955673 0 0 0 0 
0.208144 0.962818 0 0 0 0 
0.176845 0.968968 0 0 0 0 
0.145363 0.974118 0 0 0 0 
0.11373 0.978261 0 0 0 0 
0.0819806 0.981394 0 0 0 0 
0.050146 0.983512 0 0 0 0 
0.0182596 0.984614 0 0 0 0 
-0.0136457 0.984699 0 0 0 0 
-0.0455368 0.983766 0 0 0 0 
-0.077381 0.981816 0 0 0 0 
-0.109145 0.978853 0 0 0 0 
-0.140797 0.974877 0 0 0 0 
-0.172303 0.969896 0 0 0 0 
-0.203631 0.963912 0 0 0 0 
-0.234749 0.956934 0 0 0 0 
-0.265624 0.948969 0 0 0 0 
-0.296226 0.940024 0 0 0 0 
-0.326522 0.930111 0 0 0 0 
-0.356482 0.919239 0 0 0 0 
-0.386075 0.907421 0 0 0 0 
-0.415271 0.894669 0 0 0 0 
-0.444039 0.880997 0 0 0 0 
-0.472351 0.866419 0 0 0 0 
-0.500178 0.850951 0 0 0 0 
-0.527492 0.83461 0 0 0 0 
-0.554264 0.817413 0 0 0 0 
-0.580469 0.799379 0 0 0 0 
-0.60608 0.780527 0 0 0 0 
-0.63107 0.760876 0 0 0 0 
-0.655416 0.740447 0 0 0 0 
-0.679093 0.719263 0 0 0 0 
-0.702078 0.697346 0 0 0 0 
-0.724347 0.674718 0 0 0 0 
-0.74588 0.651404 0 0 0 0 
-0.766654 0.627427 0 0 0 0 
-0.78665 0.602814 0 0 0 0 
-0.805849 0.57759 0 0 0 0 
-0.824231 0.551781 0 0 0 0 
-0.84178 0.525413 0 0 0 0 
-0.858479 0.498515 0 0 0 0 
-0.874311 0.471114 0 0 0 0 
-0.889263 0.443238 0 0 0 0 
-0.90332 0.414917 0 0 0 0 
-0.916469 0.386178 0 0 0 0 
-0.928699 0.357052 0 0 0 0 
-0.939998 0.327568 0 0 0 0 
-0.950356 0.297757 0 0 0 0 
-0.959765 0.267648 0 0 0 0 
-0.968217 0.237272 0 0 0 0 
-0.975704 0.206659 0 0 0 0 
-0.98222 0.175841 0 0 0 0 
-0.98776 0.144848 0 0 0 0 
-0.992321 0.113712 0 0 0 0 
-0.995898 0.0824629 0 0 0 0 
-0.998491 0.0511323 0 0 0 0 
-1.0001 0.0197512 0 0 0 0 
-1.00072 -0.0116494 0 0 0 0 
-1.00035 -0.0430385 0 0 0 0 
-0.999005 -0.0743854 0 0 0 0 
-0.996676 -0.105659 0 0 0 0 
-0.99337 -0.136829 0 0 0 0 
-0.989091 -0.167866 0 0 0 0 
-0.983846 -0.198738 0 0 0 0 
-0.97764 -0.229416 0 0 0 0 
-0.970482 -0.259871 0 0 0 0 
-0.962379 -0.290072 0 0 0 0 
-0.95334 -0.319992 0 0 0 0 
-0.943377 -0.349601 0 0 0 0 
-0.932499 -0.378872 0 0 0 0 
-0.920719 -0.407775 0 0 0 0 
-0.908048 -0.436285 0 0 0 0 
-0.894501 -0.464373 0 0 0 0 
-0.880092 -0.492014 0 0 0 0 
-0.864835 -0.519181 0 0 0 0 
-0.848747 -0.545849 0 0 0 0 
-0.831844 -0.571992 0 0 0 0 
-0.814142 -0.597587 0 0 0 0 
-0.795661 -0.622609 0 0 0 0 
-0.776418 -0.647035 0 0 0 0 
-0.756432 -0.670843 0 0 0 0 
-0.735725 -0.69401 0 0 0 0 
-0.714315 -0.716515 0 0 0 0 
-0.692225 -0.738338 0 0 0 0 
-0.669476 -0.759457 0 0 0 0 
-0.64609 -0.779854 0 0 0 0 
-0.62209 -0.79951 0 0 0 0 
-0.597499 -0.818407 0 0 0 0 
-0.572342 -0.836527 0 0 0 0 
-0.546642 -0.853855 0 0 0 0 
-0.520425 -0.870374 0 0 0 0 
-0.493715 -0.88607 0 0 0 0 
-0.466538 -0.900927 0 0 0 0 
-0.43892 -0.914933 0 0 0 0 
-0.410888 -0.928075 0 0 0 0 
-0.382468 -0.94034 0 0 0 0 
-0.353687 -0.951719 0 0 0 0 
-0.324572 -0.9622 0 0 0 0 
-0.295152 -0.971774 0 0 0 0 
-0.265453 -0.980433 0 0 0 0 
-0.235505 -0.988168 0 0 0 0 
-0.205334 -0.994973 0 0 0 0 
-0.174971 -1.00084 0 0 0 0 
-0.144443 -1.00577 0 0 0 0 
-0.113778 -1.00975 0 0 0 0 
-0.0830073 -1.01278 0 0 0 0 
-0.0521581 -1.01486 0 0 0 0 
-0.0212598 -1.01598 0 0 0 0 
0.00965845 -1.01615 0 0 0 0 
0.0405676 -1.01536 0 0 0 0 
0.0714386 -1.01362 0 0 0 0 
0.102242 -1.01092 0 0 0 0 
0.13295 -1.00727 0 0 0 0 
0.163533 -1.00268 0 0 0 0 
0.193961 -0.99714 0 0 0 0 
0.224207 -0.990662 0 0 0 0 
0.254242 -0.983251 0 0 0 0 
0.284037 -0.974914 0 0 0 0 
0.313565 -0.965657 0 0 0 0 
0.342796 -0.95549 0 0 0 0 
0.371705 -0.944422 0 0 0 0 
0.400262 -0.932462 0 0 0 0 
0.428442 -0.919621 0 0 0 0 
0.456216 -0.905911 0 0 0 0 
0.483559 -0.891344 0 0 0 0 
0.510444 -0.875934 0 0 0 0 
0.536846 -0.859693 0 0 0 0 
0.562739 -0.842638 0 0 0 0 
0.588098 -0.824784 0 0 0 0 
0.612899 -0.806146 0 0 0 0 
0.637117 -0.786743 0 0 0 0 
0.660729 -0.76659 0 0 0 0 
0.683712 -0.745708 0 0 0 0 
0.706044 -0.724116 0 0 0 0 
0.727701 -0.701832 0 0 0 0 
0.748664 -0.678878 0 0 0 0 
0.768911 -0.655275 0 0 0 0 
0.788422 -0.631045 0 0 0 0 
0.807177 -0.60621 0 0 0 0 
0.825158 -0.580793 0 0 0 0 
0.842346 -0.554818 0 0 0 0 
0.858724 -0.52831 0 0 0 0 
0.874275 -0.501293 0 0 0 0 
0.888983 -0.473793 0 0 0 0 
0.902833 -0.445835 0 0 0 0 
0.91581 -0.417446 0 0 0 0 
0.927901 -0.388653 0 0 0 0 
0.939091 -0.359484 0 0 0 0 
0.949371 -0.329965 0 0 0 0 
0.958727 -0.300126 0 0 0 0 
0.96715 -0.269994 0 0 0 0 
0.974631 -0.2396 0 0 0 0 
0.98116 -0.208971 0 0 0 0 
0.986729 -0.178138 0 0 0 0 
0.991333 -0.147131 0 0 0 0 
0.994965 -0.115979 0 0 0 0 
0.997619 -0.0847135 0 0 0 0 
0.999293 -0.0533647 0 0 0 0 
0.999982 -0.0219634 0 0 0 0 
